9876543210
8765432109
7654321098
9988776655
8899776655
7788994455
9090909090
9191919191
9898989898
9797979797
9696969696
8585858585
7374647474
9876543210  
9123456789  
9087654321  
9234567890  
9345678901  
9456789012  
9567890123  
9678901234  
9789012345  
9890123456  
9001234567  
9112345678  
9223456789  
9334567890  
9445678901  
9556789012  
9667890123  
9778901234  
9889012345  
9990123456  
7012345678  
7123456789  
7234567890  
7345678901  
7456789012  
7567890123  
7678901234  
7789012345  
7890123456  
7901234567  
8012345678  
8123456789  
8234567890  
8345678901  
8456789012  
8567890123  
8678901234  
8789012345  
8890123456  
8901234567  
9012345678  
6363636363
6262626262
9876512345
8765423456
7654334567
9988665544
8899554433
7788443322
9090123456
9190234567
9890345678
9790456789
9690567890
8580678901
7470789012
6360890123
6260901234
9876123456
8765234567
7654345678
9988456789
8899567890
7789678901
9090789012
9190890123
9890901234
9791012345
9692123456
8583234567
7474345678
6365456789
6266567890
9876501234  
8765402345  
7654303456  
9988704567  
8899605678  
7789506789  
9090407890  
9190308901  
9890209012  
9790100123  
9690001234  
8585902345  
7474803456  
6363704567  
6262605678  
9352506789  
8241407890  
7130308901  
6020209012  
9988112233  
8899223344  
7788334455  
9090445566  
9190556677  
9890667788  
9790778899  
9690889900  
8580990011  
7470001122  
6361112233  
6262223344  
9876034567  
8765123456  
7654234567  
9988345678  
8899456789  
7789567890  
9090678901  
9190789012  
9890890123  
9790901234  
9691012345  
8582123456  
7473234567  
6364345678  
6265456789  
9876987654  
8765876543  
7654765432  
9988654321  
8899543210  
7788432109  
9097321456  
9198213567  
9899114678  
9790015789  
9691126890  
8582237901  
7473348012  
6364459123  
6265560234  
9876671345  
8767782456  
7658893567  
9989904678  
8891015789  
7782126890  
9093237901  
9194348012  
9895459123  
9796560234  
9697671345  
8588782456  
7479893567  
6360904678  
6261015789  
9879126890  
8768237901  
7657348012  
9986459123  
8895560234  
7787671345  
9098782456  
9199893567  
9890904678  
9791015789  
9692126890  
8583237901  
7474348012  
6365459123  
6266560234  
9876671345  
8767782456  
7658893567  
9989904678  
8891015789  
7782126890  
9093237901  
9194348012  
9895459123  
9796560234  
9697671345  
8588782456  
7479893567  
6360904678  
6261015789  
9879126890  
8768237901  
7657348012  
9986459123  
8895560234  
7787671345  
9098782456  
9199893567  
9890904678  
9791015789  
9692126890  
8583237901  
7474348012  
6365459123  
6266560234  
9876671345  
8767782456  
7658893567  
9989904678  
8891015789  
7782126890  
9093237901  
9194348012  
9895459123  
9796560234  
9697671345  
8588782456  
7479893567  
6360904678  
6261015789  
9879126890  
8768237901  
7657348012  
9986459123  
8895560234  
7787671345  
9098782456  
9199893567  
9890904678  
9791015789  
9692126890  
8583237901  
7474348012  
6365459123  
6266560234  
9876671345  
8767782456  
7658893567  
9989904678  
8891015789  
7782126890  
9093237901  
9194348012  
9895459123  
9796560234  
9697671345  
8588782456  
7479893567  
6360904678  
6261015789  
9879126890  
8768237901  
7657348012  
9986459123  
8895560234  
7787671345  
9098782456  
9199893567
9876543210  
9123456789  
9087654321  
9234567890  
9345678901  
9456789012  
9567890123  
9678901234  
9789012345  
9890123456  
9001234567  
9112345678  
9223456789  
9334567890  
9445678901  
9556789012  
9667890123  
9778901234  
9889012345  
9990123456  
7012345678  
7123456789  
7234567890  
7345678901  
7456789012  
7567890123  
7678901234  
7789012345  
7890123456  
7901234567  
8012345678  
8123456789  
8234567890  
8345678901  
8456789012  
8567890123  
8678901234  
8789012345  
8890123456  
8901234567  
9012345678  